완료된 파일
korean2025
korean2024
korean2023
korean2022
korean2024_3월
korean2024_6월
korean2024_9월
korean2023_3월
korean2023_6월
korean2023_9월
korean2022_3월
korean2022_6월
korean2022_9월

2022_9월 정답
answers = [
    1,4,1,3,1,
    5,5,3,1,2,
    4,2,4,2,5,
    5,1,4,2,3,
    4,1,4,5,5,
    4,3,5,4,3,
    3,4,3,2,4,
    4,3,1,2,2,
    5,2,1,5,2
]
scores = [
    2, 3, 2, 2, 2,    # 1 ~ 5
    2, 2, 3, 2, 2,    # 6 ~ 10
    2, 2, 3, 2, 2,    # 11 ~ 15
    3, 2, 2, 2, 2,    # 16 ~ 20
    3, 2, 3, 2, 2,    # 21 ~ 25
    2, 2, 2, 2, 2,    # 26 ~ 30
    3, 2, 2, 3, 2,    # 31 ~ 35
    2, 2, 2, 2, 3,    # 36 ~ 40
    2, 2, 2, 2, 3     # 41 ~ 45
]


